   7.3036041e-02  -2.1519051e-02  -6.9100280e-03
   7.3292007e-02  -2.1502346e-02  -7.0494060e-03
   7.3345871e-02  -2.1572306e-02  -7.1686620e-03
   7.3455948e-02  -2.1588346e-02  -7.3323440e-03
   7.3564667e-02  -2.1727646e-02  -7.5704670e-03
   7.3537537e-02  -2.1980217e-02  -7.6406440e-03
   7.3545609e-02  -2.2142723e-02  -7.7154790e-03
   7.3647148e-02  -2.2283335e-02  -7.7597390e-03
   7.3655830e-02  -2.2445732e-02  -7.8346090e-03
   7.3872498e-02  -2.2599634e-02  -7.8876790e-03
   7.3934464e-02  -2.2625858e-02  -7.8920910e-03
   7.3962448e-02  -2.2742313e-02  -7.8920910e-03
   7.4043213e-02  -2.2845980e-02  -7.8964820e-03
   7.4124092e-02  -2.2949482e-02  -7.9008500e-03
   7.4214569e-02  -2.3091530e-02  -7.9051960e-03
   7.4262245e-02  -2.3285023e-02  -7.9051960e-03
   7.4425079e-02  -2.3490799e-02  -7.9138230e-03
   7.4513802e-02  -2.3673708e-02  -7.8786230e-03
   7.4582336e-02  -2.3943707e-02  -7.8786230e-03
   7.4621841e-02  -2.4097904e-02  -7.8786230e-03
   7.4744019e-02  -2.4353951e-02  -7.8829040e-03
   7.4866898e-02  -2.4609493e-02  -7.8871620e-03
   7.5105385e-02  -2.4874989e-02  -7.8998030e-03
   7.5219353e-02  -2.5090872e-02  -7.9039730e-03
   7.5333824e-02  -2.5306343e-02  -7.9081210e-03
   7.5542809e-02  -2.5454535e-02  -7.9204310e-03
   7.5657784e-02  -2.5463985e-02  -7.9285270e-03
   7.5678757e-02  -2.5540207e-02  -7.9285270e-03
   7.5689270e-02  -2.5578312e-02  -7.9285270e-03
   7.5762558e-02  -2.5640045e-02  -7.9325420e-03
   7.5795914e-02  -2.5712780e-02  -7.9717350e-03
   7.5942719e-02  -2.5835793e-02  -7.9796540e-03
   7.6057724e-02  -2.5844559e-02  -7.9874860e-03
   7.6089676e-02  -2.5958391e-02  -7.9874860e-03
   7.6196892e-02  -2.6091873e-02  -8.0304450e-03
   7.6178497e-02  -2.6178980e-02  -8.0656780e-03
   7.6172478e-02  -2.6262630e-02  -8.1400330e-03
   7.6165123e-02  -2.6387718e-02  -8.1753170e-03
   7.6108727e-02  -2.6444904e-02  -8.2850850e-03
   7.6195473e-02  -2.6420034e-02  -8.5589930e-03
   7.6319237e-02  -2.6466478e-02  -8.7189480e-03
   7.6419304e-02  -2.6765438e-02  -8.7580140e-03
   7.6531487e-02  -2.7101780e-02  -8.7970740e-03
   7.6684364e-02  -2.7425850e-02  -8.8005590e-03
   7.6833458e-02  -2.7545326e-02  -8.8074630e-03
   7.6914185e-02  -2.7767237e-02  -8.8464520e-03
   7.7161552e-02  -2.8020082e-02  -8.8565750e-03
   7.7397980e-02  -2.8234203e-02  -8.8665000e-03
   7.7531380e-02  -2.8479652e-02  -8.8697640e-03
   7.7785271e-02  -2.8563728e-02  -8.8825990e-03
   7.8034767e-02  -2.8812031e-02  -8.8919930e-03
   7.8272987e-02  -2.9021963e-02  -8.9011880e-03
   7.8448067e-02  -2.9210581e-02  -8.9072070e-03
   7.8611443e-02  -2.9361612e-02  -8.9131390e-03
   7.8723534e-02  -2.9529072e-02  -8.9160710e-03
   7.8760033e-02  -2.9639612e-02  -8.9160710e-03
   7.8860390e-02  -2.9769802e-02  -8.9189820e-03
   7.9049324e-02  -2.9992712e-02  -8.9247360e-03
   7.9366447e-02  -3.0253119e-02  -8.9359790e-03
   7.9709236e-02  -3.0543768e-02  -8.9851230e-03
   8.0143036e-02  -3.0800640e-02  -9.0006600e-03
   8.0334442e-02  -3.1018324e-02  -9.0056630e-03
   8.0347206e-02  -3.1054512e-02  -9.0056630e-03
   8.0603157e-02  -3.0964191e-02  -9.0177810e-03
   8.0871529e-02  -3.0869488e-02  -9.0671980e-03
   8.1048820e-02  -3.0847300e-02  -9.2605750e-03
   8.1290794e-02  -3.1124689e-02  -9.3401470e-03
   8.1393211e-02  -3.1249477e-02  -9.3421290e-03
   8.1597626e-02  -3.1176016e-02  -9.3498330e-03
   8.1853165e-02  -3.1084185e-02  -9.3589640e-03
   8.1942627e-02  -3.1011921e-02  -9.3624620e-03
   8.1993744e-02  -3.0993574e-02  -9.3641780e-03
   8.2006500e-02  -3.1029081e-02  -9.3641780e-03
   8.1967888e-02  -3.1042957e-02  -9.3999160e-03
   8.1916779e-02  -3.1061325e-02  -9.3982000e-03
   8.1839592e-02  -3.1089060e-02  -9.4697260e-03
   8.1608383e-02  -3.1172150e-02  -9.6847040e-03
   8.1531258e-02  -3.1159563e-02  -9.7941340e-03
   8.1582375e-02  -3.1141216e-02  -9.7958280e-03
   8.1595192e-02  -3.1176891e-02  -9.7958280e-03
   8.1416092e-02  -3.1241255e-02  -9.8643120e-03
   8.1211388e-02  -3.1314817e-02  -1.0006560e-02
   8.0879204e-02  -3.1434195e-02  -1.0219496e-02
   8.0611084e-02  -3.1530548e-02  -1.0322480e-02
   8.0470634e-02  -3.1581020e-02  -1.0354904e-02
   8.0343102e-02  -3.1626854e-02  -1.0425414e-02
   8.0215614e-02  -3.1672667e-02  -1.0495968e-02
   8.0075241e-02  -3.1723112e-02  -1.0528298e-02
   8.0037086e-02  -3.1736824e-02  -1.0564585e-02
   7.9985985e-02  -3.1755188e-02  -1.0562582e-02
   7.9985985e-02  -3.1755188e-02  -1.0562582e-02
   7.9934883e-02  -3.1773552e-02  -1.0560556e-02
   7.9934883e-02  -3.1773552e-02  -1.0560556e-02
   7.9883781e-02  -3.1791916e-02  -1.0558509e-02
   7.9832687e-02  -3.1810280e-02  -1.0556438e-02
   7.9794685e-02  -3.1865059e-02  -1.0554347e-02
   7.9794685e-02  -3.1865059e-02  -1.0554347e-02
   7.9769844e-02  -3.1956303e-02  -1.0552233e-02
   7.9834282e-02  -3.2015350e-02  -1.0515945e-02
   7.9682945e-02  -3.2235100e-02  -1.0507268e-02
   7.9518776e-02  -3.2418907e-02  -1.0498237e-02
   7.9277168e-02  -3.2548595e-02  -1.0486450e-02
   7.8920280e-02  -3.2679005e-02  -1.0469019e-02
   7.8410522e-02  -3.2865280e-02  -1.0442238e-02
   7.7951836e-02  -3.3032890e-02  -1.0416245e-02
   7.7595139e-02  -3.3163231e-02  -1.0394789e-02
   7.7289452e-02  -3.3274937e-02  -1.0375537e-02
   7.7085678e-02  -3.3349396e-02  -1.0362260e-02
   7.6780067e-02  -3.3461075e-02  -1.0341681e-02
   7.6372650e-02  -3.3609947e-02  -1.0313005e-02
   7.6067154e-02  -3.3721581e-02  -1.0290571e-02
   7.5812614e-02  -3.3814594e-02  -1.0271269e-02
   7.5584869e-02  -3.3941059e-02  -1.0291716e-02
   7.5561943e-02  -3.4035999e-02  -1.0287701e-02
   7.5575943e-02  -3.4074150e-02  -1.0287701e-02
   7.5603996e-02  -3.4150436e-02  -1.0287701e-02
   7.5725220e-02  -3.4322220e-02  -1.0291716e-02
   7.5767632e-02  -3.4436459e-02  -1.0291716e-02
   7.5832581e-02  -3.4455612e-02  -1.0295709e-02
   7.5851425e-02  -3.4621944e-02  -1.0332012e-02
   7.5922806e-02  -3.4812046e-02  -1.0332012e-02
   7.5965813e-02  -3.4926037e-02  -1.0332012e-02
   7.6037819e-02  -3.5115906e-02  -1.0332012e-02
   7.6074135e-02  -3.5362942e-02  -1.0328019e-02
   7.6006256e-02  -3.5563259e-02  -1.0396661e-02
   7.6033546e-02  -3.5858223e-02  -1.0469383e-02
   7.6053955e-02  -3.6243965e-02  -1.0578591e-02
   7.6065506e-02  -3.6678131e-02  -1.0606930e-02
   7.6197357e-02  -3.7153313e-02  -1.0602849e-02
   7.6188576e-02  -3.7598152e-02  -1.0708151e-02
   7.6104004e-02  -3.7854065e-02  -1.0813580e-02
   7.5891937e-02  -3.7941090e-02  -1.0914964e-02
   7.5804565e-02  -3.7976940e-02  -1.0947372e-02
   7.5745750e-02  -3.8045574e-02  -1.1020621e-02
   7.5702713e-02  -3.8152340e-02  -1.1093937e-02
   7.5564293e-02  -3.8343281e-02  -1.1277512e-02
   7.5447708e-02  -3.8480938e-02  -1.1424666e-02
   7.5315636e-02  -3.8580471e-02  -1.1572083e-02
   7.5310471e-02  -3.8672318e-02  -1.1608977e-02
   7.5358246e-02  -3.8787060e-02  -1.1608977e-02
   7.5303314e-02  -3.8899841e-02  -1.1641675e-02
   7.5282455e-02  -3.8953526e-02  -1.1678602e-02
   7.5108826e-02  -3.9026196e-02  -1.1744012e-02
   7.4985229e-02  -3.9077927e-02  -1.1813702e-02
   7.4811729e-02  -3.9150547e-02  -1.1879109e-02
   7.4724998e-02  -3.9186848e-02  -1.1911804e-02
   7.4720520e-02  -3.9279243e-02  -1.1948862e-02
   7.4679443e-02  -3.9387100e-02  -1.2023026e-02
   7.4679443e-02  -3.9387100e-02  -1.2023026e-02
   7.4695648e-02  -3.9425613e-02  -1.2023026e-02
   7.4778008e-02  -3.9481564e-02  -1.2027372e-02
   7.4826782e-02  -3.9596966e-02  -1.2027372e-02
   7.4859383e-02  -3.9673866e-02  -1.2027372e-02
   7.4901390e-02  -3.9837547e-02  -1.2105926e-02
   7.4967041e-02  -3.9991196e-02  -1.2105926e-02
   7.5016441e-02  -4.0106365e-02  -1.2105926e-02
   7.5082535e-02  -4.0259823e-02  -1.2105926e-02
   7.5181976e-02  -4.0353321e-02  -1.2110228e-02
   7.5265144e-02  -4.0544788e-02  -1.2110228e-02
   7.5381584e-02  -4.0676125e-02  -1.2114508e-02
   7.5448616e-02  -4.0828983e-02  -1.2114508e-02
   7.5531799e-02  -4.0883533e-02  -1.2118766e-02
   7.5648712e-02  -4.1014229e-02  -1.2123002e-02
   7.5765800e-02  -4.1144646e-02  -1.2127215e-02
   7.5833603e-02  -4.1296871e-02  -1.2127215e-02
   7.5918701e-02  -4.1487000e-02  -1.2127215e-02
   7.6006218e-02  -4.1584656e-02  -1.2090093e-02
