   7.3082441e-02  -2.1523873e-02  -6.7207928e-03
   7.3203323e-02  -2.1549952e-02  -6.9295141e-03
   7.3368091e-02  -2.1598292e-02  -7.1564588e-03
   7.3461170e-02  -2.1683822e-02  -7.2948505e-03
   7.3474225e-02  -2.1847828e-02  -7.5448588e-03
   7.3538487e-02  -2.2023962e-02  -7.6777450e-03
   7.3589565e-02  -2.2197350e-02  -7.7692653e-03
   7.3630331e-02  -2.2392120e-02  -7.9411466e-03
   7.3730738e-02  -2.2500463e-02  -7.9977609e-03
   7.3852696e-02  -2.2564514e-02  -7.9110890e-03
   7.3928613e-02  -2.2663252e-02  -7.8935138e-03
   7.3995060e-02  -2.2780809e-02  -7.9212277e-03
   7.4060095e-02  -2.2903720e-02  -7.9452260e-03
   7.4142319e-02  -2.3038278e-02  -7.9496614e-03
   7.4215028e-02  -2.3189634e-02  -7.9813417e-03
   7.4326530e-02  -2.3381331e-02  -7.9868805e-03
   7.4427634e-02  -2.3591518e-02  -7.9631031e-03
   7.4500899e-02  -2.3866007e-02  -8.0057948e-03
   7.4583369e-02  -2.4064885e-02  -7.9894724e-03
   7.4680736e-02  -2.4241755e-02  -7.9602187e-03
   7.4811007e-02  -2.4447492e-02  -7.9688114e-03
   7.4951196e-02  -2.4658852e-02  -7.9757086e-03
   7.5112286e-02  -2.4919516e-02  -8.0092156e-03
   7.5301864e-02  -2.5139964e-02  -8.0141569e-03
   7.5496340e-02  -2.5337646e-02  -7.9901955e-03
   7.5615657e-02  -2.5414641e-02  -7.9446632e-03
   7.5663949e-02  -2.5468835e-02  -7.9020794e-03
   7.5692502e-02  -2.5551544e-02  -7.9505424e-03
   7.5745283e-02  -2.5645102e-02  -7.9802794e-03
   7.5815567e-02  -2.5720288e-02  -7.9970182e-03
   7.5902082e-02  -2.5780209e-02  -8.0127893e-03
   7.5966095e-02  -2.5829583e-02  -8.0159713e-03
   7.6056315e-02  -2.5902213e-02  -7.9582692e-03
   7.6091782e-02  -2.6025285e-02  -8.0225404e-03
   7.6112490e-02  -2.6171007e-02  -8.1497664e-03
   7.6129098e-02  -2.6298605e-02  -8.2222794e-03
   7.6138866e-02  -2.6392959e-02  -8.2424673e-03
   7.6112718e-02  -2.6440290e-02  -8.3667038e-03
   7.6158407e-02  -2.6467607e-02  -8.4857616e-03
   7.6268248e-02  -2.6488581e-02  -8.4640876e-03
   7.6366774e-02  -2.6580408e-02  -8.4594351e-03
   7.6435883e-02  -2.6793790e-02  -8.5472145e-03
   7.6535575e-02  -2.7020423e-02  -8.6832375e-03
   7.6690599e-02  -2.7237131e-02  -8.7244070e-03
   7.6850043e-02  -2.7523745e-02  -8.8422057e-03
   7.7048585e-02  -2.7763085e-02  -8.8806586e-03
   7.7264885e-02  -2.8042291e-02  -8.9052159e-03
   7.7467954e-02  -2.8276284e-02  -8.9699258e-03
   7.7694390e-02  -2.8443955e-02  -8.9452874e-03
   7.7895079e-02  -2.8612987e-02  -8.9258208e-03
   7.8089388e-02  -2.8802698e-02  -8.9445471e-03
   7.8292600e-02  -2.8999459e-02  -8.9534767e-03
   7.8519582e-02  -2.9237809e-02  -8.9626329e-03
   7.8678795e-02  -2.9440211e-02  -8.9575102e-03
   7.8767004e-02  -2.9606697e-02  -8.9679380e-03
   7.8884007e-02  -2.9766612e-02  -8.9781865e-03
   7.9054911e-02  -2.9915050e-02  -8.9701775e-03
   7.9293341e-02  -3.0094277e-02  -8.9708153e-03
   7.9536271e-02  -3.0275424e-02  -8.9897506e-03
   7.9788668e-02  -3.0488841e-02  -9.0241464e-03
   8.0105914e-02  -3.0763818e-02  -9.0458556e-03
   8.0312316e-02  -3.0954867e-02  -9.1284267e-03
   8.0467457e-02  -3.0979735e-02  -9.0982696e-03
   8.0662294e-02  -3.0926507e-02  -9.0689734e-03
   8.0862075e-02  -3.0871107e-02  -9.0220400e-03
   8.1088682e-02  -3.0917081e-02  -8.9722936e-03
   8.1205497e-02  -3.1022749e-02  -9.1655050e-03
   8.1260997e-02  -3.1111928e-02  -9.4585094e-03
   8.1405075e-02  -3.1114893e-02  -9.5332011e-03
   8.1584231e-02  -3.1066473e-02  -9.4368068e-03
   8.1756981e-02  -3.1017380e-02  -9.3003531e-03
   8.1830909e-02  -3.1021999e-02  -9.2820738e-03
   8.1855313e-02  -3.1043748e-02  -9.3274622e-03
   8.1855880e-02  -3.1055197e-02  -9.3750398e-03
   8.1801136e-02  -3.1119777e-02  -9.5805142e-03
   8.1701960e-02  -3.1154850e-02  -9.7290071e-03
   8.1660335e-02  -3.1164107e-02  -9.7660571e-03
   8.1635096e-02  -3.1173745e-02  -9.7776183e-03
   8.1552434e-02  -3.1207014e-02  -9.8335157e-03
   8.1428587e-02  -3.1238514e-02  -9.9181215e-03
   8.1302401e-02  -3.1279295e-02  -9.9905971e-03
   8.1097461e-02  -3.1376575e-02  -1.0171110e-02
   8.0883275e-02  -3.1474971e-02  -1.0324555e-02
   8.0669304e-02  -3.1560489e-02  -1.0449137e-02
   8.0431724e-02  -3.1657946e-02  -1.0589120e-02
   8.0245009e-02  -3.1716279e-02  -1.0633825e-02
   8.0095095e-02  -3.1737963e-02  -1.0594334e-02
   8.0027799e-02  -3.1745734e-02  -1.0572010e-02
   7.9992663e-02  -3.1756413e-02  -1.0571274e-02
   7.9974221e-02  -3.1752395e-02  -1.0529211e-02
   7.9941663e-02  -3.1771898e-02  -1.0558176e-02
   7.9893327e-02  -3.1792336e-02  -1.0565739e-02
   7.9885583e-02  -3.1784932e-02  -1.0507405e-02
   7.9858745e-02  -3.1804922e-02  -1.0498029e-02
   7.9820344e-02  -3.1842464e-02  -1.0550848e-02
   7.9777805e-02  -3.1885196e-02  -1.0568943e-02
   7.9765795e-02  -3.1917642e-02  -1.0541683e-02
   7.9739868e-02  -3.2004039e-02  -1.0536027e-02
   7.9657862e-02  -3.2126333e-02  -1.0571297e-02
   7.9534399e-02  -3.2265344e-02  -1.0605856e-02
   7.9401121e-02  -3.2387608e-02  -1.0614714e-02
   7.9212625e-02  -3.2530188e-02  -1.0639653e-02
   7.8894419e-02  -3.2696096e-02  -1.0688345e-02
   7.8561107e-02  -3.2855331e-02  -1.0739448e-02
   7.8200159e-02  -3.3015196e-02  -1.0750197e-02
   7.7822311e-02  -3.3192851e-02  -1.0804565e-02
   7.7442146e-02  -3.3347070e-02  -1.0775584e-02
   7.7117460e-02  -3.3454762e-02  -1.0703946e-02
   7.6776088e-02  -3.3577210e-02  -1.0675226e-02
   7.6462486e-02  -3.3694255e-02  -1.0647304e-02
   7.6040483e-02  -3.3883775e-02  -1.0646297e-02
   7.5716745e-02  -3.4053784e-02  -1.0507584e-02
   7.5615142e-02  -3.4074833e-02  -1.0290613e-02
   7.5613954e-02  -3.4076261e-02  -1.0221859e-02
   7.5639244e-02  -3.4134501e-02  -1.0212200e-02
   7.5690897e-02  -3.4269009e-02  -1.0281044e-02
   7.5772140e-02  -3.4372201e-02  -1.0294381e-02
   7.5809358e-02  -3.4475079e-02  -1.0315003e-02
   7.5836488e-02  -3.4598163e-02  -1.0342535e-02
   7.5890458e-02  -3.4744345e-02  -1.0355730e-02
   7.5948395e-02  -3.4899017e-02  -1.0368316e-02
   7.5988703e-02  -3.5074563e-02  -1.0395916e-02
   7.5976494e-02  -3.5286719e-02  -1.0464721e-02
   7.5984588e-02  -3.5468774e-02  -1.0500322e-02
   7.6005101e-02  -3.5759077e-02  -1.0548136e-02
   7.5984984e-02  -3.6047143e-02  -1.0659638e-02
   7.5977712e-02  -3.6369085e-02  -1.0764051e-02
   7.6006209e-02  -3.6732092e-02  -1.0839464e-02
   7.5990029e-02  -3.7060632e-02  -1.0926990e-02
   7.5948705e-02  -3.7358420e-02  -1.1019648e-02
   7.5848037e-02  -3.7643861e-02  -1.1108098e-02
   7.5736532e-02  -3.7903031e-02  -1.1182103e-02
   7.5694970e-02  -3.8033332e-02  -1.1124910e-02
   7.5648079e-02  -3.8135715e-02  -1.1170393e-02
   7.5580102e-02  -3.8243869e-02  -1.1266480e-02
   7.5473102e-02  -3.8387007e-02  -1.1421902e-02
   7.5370055e-02  -3.8547118e-02  -1.1592685e-02
   7.5330460e-02  -3.8668685e-02  -1.1669778e-02
   7.5314236e-02  -3.8764623e-02  -1.1678147e-02
   7.5282710e-02  -3.8853169e-02  -1.1703680e-02
   7.5226283e-02  -3.8921713e-02  -1.1743047e-02
   7.5137510e-02  -3.9013957e-02  -1.1824103e-02
   7.5044403e-02  -3.9092853e-02  -1.1880749e-02
   7.4903262e-02  -3.9157135e-02  -1.1931712e-02
   7.4798491e-02  -3.9221970e-02  -1.1973625e-02
   7.4725698e-02  -3.9294761e-02  -1.2015365e-02
   7.4658958e-02  -3.9356065e-02  -1.2042133e-02
   7.4679497e-02  -3.9399445e-02  -1.2027551e-02
   7.4731978e-02  -3.9434342e-02  -1.2024645e-02
   7.4781157e-02  -3.9486645e-02  -1.2014942e-02
   7.4799431e-02  -3.9554664e-02  -1.2028445e-02
   7.4834621e-02  -3.9664636e-02  -1.2060200e-02
   7.4886319e-02  -3.9800320e-02  -1.2094288e-02
   7.4955153e-02  -3.9975512e-02  -1.2133544e-02
   7.5022291e-02  -4.0139798e-02  -1.2155707e-02
   7.5081343e-02  -4.0265795e-02  -1.2158932e-02
   7.5159561e-02  -4.0327603e-02  -1.2116611e-02
   7.5222715e-02  -4.0417374e-02  -1.2112269e-02
   7.5304572e-02  -4.0559604e-02  -1.2128500e-02
   7.5404513e-02  -4.0700520e-02  -1.2143755e-02
   7.5524314e-02  -4.0830509e-02  -1.2142248e-02
   7.5651042e-02  -4.0971592e-02  -1.2132256e-02
   7.5749824e-02  -4.1125312e-02  -1.2137216e-02
   7.5830856e-02  -4.1290851e-02  -1.2154277e-02
   7.5909536e-02  -4.1421069e-02  -1.2144984e-02
   7.6013952e-02  -4.1534217e-02  -1.2106314e-02
   7.6094458e-02  -4.1611916e-02  -1.2082394e-02
   7.6182742e-02  -4.1696105e-02  -1.2067607e-02
   7.6268574e-02  -4.1837752e-02  -1.2079839e-02
   7.6333588e-02  -4.1984358e-02  -1.2106593e-02
   7.6394021e-02  -4.2095752e-02  -1.2105275e-02
   7.6475560e-02  -4.2196510e-02  -1.2069777e-02
   7.6556547e-02  -4.2298552e-02  -1.2040018e-02
   7.6630911e-02  -4.2419343e-02  -1.2028353e-02
   7.6701722e-02  -4.2558623e-02  -1.2025758e-02
   7.6741037e-02  -4.2631455e-02  -1.1993861e-02
